59
c o n s t v a r m i f l g . ; e : p u = ! ~ + - * / ( ) , ' " b d h j k q w x y z 1 2 3 4 5 6 7 8 9 0 _ &
75 102 63 108 63 114 63 63 98 91 84 63 63 32 33 80 38 63 63 50 51 52 53 54 55 56 57 58 59 60 61 63 63 63 63 63 63 63 63 63 63 -1 -1 -1 -1 -1 -1 -1 -1 -1 -1 -1 -1
-1 -1 -1 -1 -1 -1 -1 -1 -1 -1 -1 -1 -1 -1 -1 -1 -1 -1 -1 -1 -1 -1 -1 -1 -1 -1 -1 -1 -1 -1 -1 -1 -1 -1 -1 -1 -1 -1 -1 -1 -1 -1 -1 -1 -1 -1 -1 -1 -1 -1 -1 -1 -1
-1 -1 -1 -1 -1 -1 -1 -1 -1 -1 -1 -1 -1 -1 -1 -1 -1 -1 -1 -1 -1 -1 -1 -1 -1 -1 -1 -1 -1 -1 -1 -1 -1 -1 -1 -1 -1 -1 -1 -1 -1 -1 -1 -1 -1 -1 -1 -1 -1 -1 -1 -1 -1
-1 -1 -1 -1 -1 -1 -1 -1 -1 -1 -1 -1 -1 -1 -1 -1 -1 -1 -1 -1 -1 -1 -1 -1 -1 -1 -1 -1 -1 -1 -1 -1 -1 -1 -1 -1 -1 -1 -1 -1 -1 -1 -1 -1 -1 -1 -1 -1 -1 -1 -1 -1 -1
-1 -1 -1 -1 -1 -1 -1 -1 -1 -1 -1 -1 -1 -1 -1 -1 -1 -1 -1 -1 -1 -1 -1 -1 -1 -1 -1 -1 -1 -1 -1 -1 -1 -1 -1 -1 -1 -1 -1 -1 -1 -1 -1 -1 -1 -1 -1 -1 -1 -1 -1 -1 -1
-1 -1 -1 -1 -1 -1 -1 -1 -1 -1 -1 -1 -1 -1 -1 -1 -1 -1 -1 -1 -1 -1 -1 -1 -1 -1 -1 -1 -1 -1 -1 -1 -1 -1 -1 -1 -1 -1 -1 -1 -1 -1 -1 -1 -1 -1 -1 -1 -1 -1 -1 -1 -1
-1 -1 -1 -1 -1 -1 -1 -1 -1 -1 -1 -1 -1 -1 -1 -1 -1 -1 -1 -1 -1 -1 -1 -1 -1 -1 -1 -1 -1 -1 -1 -1 -1 -1 -1 -1 -1 -1 -1 -1 -1 -1 -1 -1 -1 -1 -1 -1 -1 -1 -1 -1 -1
-1 -1 -1 -1 -1 -1 -1 -1 -1 -1 -1 -1 -1 -1 -1 -1 -1 -1 -1 -1 -1 -1 -1 -1 -1 -1 -1 -1 -1 -1 -1 -1 -1 -1 -1 -1 -1 -1 -1 -1 -1 -1 -1 -1 -1 -1 -1 -1 -1 -1 -1 -1 -1
-1 -1 -1 -1 -1 -1 -1 -1 -1 -1 -1 -1 -1 -1 -1 -1 -1 -1 -1 -1 -1 -1 -1 -1 -1 -1 -1 -1 -1 -1 -1 -1 -1 -1 -1 -1 -1 -1 -1 -1 -1 -1 -1 -1 -1 -1 -1 -1 -1 -1 -1 -1 -1
-1 -1 -1 -1 -1 -1 -1 -1 -1 -1 -1 -1 -1 -1 -1 -1 -1 -1 -1 -1 -1 -1 -1 -1 -1 -1 -1 -1 -1 -1 -1 -1 -1 -1 -1 -1 -1 -1 -1 -1 -1 -1 -1 -1 -1 -1 -1 -1 -1 -1 -1 -1 -1
-1 -1 -1 -1 -1 -1 -1 -1 -1 -1 -1 -1 -1 -1 -1 -1 -1 -1 -1 -1 -1 -1 -1 -1 -1 -1 -1 -1 -1 -1 -1 -1 -1 -1 -1 -1 -1 -1 -1 -1 -1 -1 -1 -1 -1 -1 -1 -1 -1 -1 -1 -1 -1
-1 -1 -1 -1 -1 -1 -1 -1 -1 -1 -1 -1 -1 -1 -1 -1 -1 -1 -1 -1 -1 -1 -1 -1 -1 -1 -1 -1 -1 -1 -1 -1 -1 -1 -1 -1 -1 -1 -1 -1 -1 -1 -1 -1 -1 -1 -1 -1 -1 -1 -1 -1 -1
-1 -1 -1 -1 -1 -1 -1 -1 -1 -1 -1 -1 -1 -1 -1 -1 -1 -1 -1 -1 -1 -1 -1 -1 -1 -1 -1 -1 -1 -1 -1 -1 -1 -1 -1 -1 -1 -1 -1 -1 -1 -1 -1 -1 -1 -1 -1 -1 -1 -1 -1 -1 -1
-1 -1 -1 -1 -1 -1 -1 -1 -1 -1 -1 -1 -1 -1 -1 -1 -1 -1 -1 -1 -1 -1 -1 -1 -1 -1 -1 -1 -1 -1 -1 -1 -1 -1 -1 -1 -1 -1 -1 -1 -1 -1 -1 -1 -1 -1 -1 -1 -1 -1 -1 -1 -1
-1 -1 -1 -1 -1 -1 -1 -1 -1 -1 -1 -1 -1 -1 -1 -1 -1 -1 -1 -1 -1 -1 -1 -1 -1 -1 -1 -1 -1 -1 -1 -1 -1 -1 -1 -1 -1 -1 -1 -1 -1 -1 -1 -1 -1 -1 -1 -1 -1 -1 -1 -1 -1
-1 -1 -1 -1 -1 -1 -1 -1 -1 -1 -1 -1 -1 -1 -1 -1 -1 -1 -1 -1 -1 -1 -1 -1 -1 -1 -1 -1 -1 -1 -1 -1 -1 -1 -1 -1 -1 -1 -1 -1 -1 -1 -1 -1 -1 -1 -1 -1 -1 -1 -1 -1 -1
63 63 63 63 63 63 63 63 63 63 63 63 63 -1 -1 63 -1 63 63 -1 -1 -1 -1 -1 -1 -1 -1 -1 -1 -1 -1 63 63 63 63 63 63 63 63 63 63 63 63 63 63 63 63 63 63 63 63 63 -1
63 76 63 63 63 63 63 63 63 63 63 63 63 -1 -1 63 -1 63 63 -1 -1 -1 -1 -1 -1 -1 -1 -1 -1 -1 -1 63 63 63 63 63 63 63 63 63 63 63 63 63 63 63 63 63 63 63 63 63 -1
63 63 77 63 63 63 63 63 63 63 63 63 63 -1 -1 63 -1 63 63 -1 -1 -1 -1 -1 -1 -1 -1 -1 -1 -1 -1 63 63 63 63 63 63 63 63 63 63 63 63 63 63 63 63 63 63 63 63 63 -1
63 63 63 78 63 63 63 63 63 63 63 63 63 -1 -1 63 -1 63 63 -1 -1 -1 -1 -1 -1 -1 -1 -1 -1 -1 -1 63 63 63 63 63 63 63 63 63 63 63 63 63 63 63 63 63 63 63 63 63 -1
63 63 63 63 79 63 63 63 63 63 63 63 63 -1 -1 63 -1 63 63 -1 -1 -1 -1 -1 -1 -1 -1 -1 -1 -1 -1 63 63 63 63 63 63 63 63 63 63 63 63 63 63 63 63 63 63 63 63 63 -1
63 63 63 63 63 63 63 63 63 63 63 63 63 -1 -1 63 -1 63 63 -1 -1 -1 -1 -1 -1 -1 -1 -1 -1 -1 -1 63 63 63 63 63 63 63 63 63 63 63 63 63 63 63 63 63 63 63 63 63 -1
63 63 63 63 63 63 63 63 63 63 63 81 63 -1 -1 63 -1 63 63 -1 -1 -1 -1 -1 -1 -1 -1 -1 -1 -1 -1 63 63 63 63 63 63 63 63 63 63 63 63 63 63 63 63 63 63 63 63 63 -1
63 63 63 82 63 63 63 63 63 63 63 63 63 -1 -1 63 -1 63 63 -1 -1 -1 -1 -1 -1 -1 -1 -1 -1 -1 -1 63 63 63 63 63 63 63 63 63 63 63 63 63 63 63 63 63 63 63 63 63 -1
63 63 63 63 63 63 63 63 63 63 63 63 63 -1 -1 83 -1 63 63 -1 -1 -1 -1 -1 -1 -1 -1 -1 -1 -1 -1 63 63 63 63 63 63 63 63 63 63 63 63 63 63 63 63 63 63 63 63 63 -1
63 63 63 63 63 63 63 63 63 63 63 63 63 -1 -1 63 -1 63 63 -1 -1 -1 -1 -1 -1 -1 -1 -1 -1 -1 -1 63 63 63 63 63 63 63 63 63 63 63 63 63 63 63 63 63 63 63 63 63 -1
63 85 63 63 63 63 63 63 63 63 63 87 63 -1 -1 63 -1 63 63 -1 -1 -1 -1 -1 -1 -1 -1 -1 -1 -1 -1 63 63 63 63 63 63 63 63 63 63 63 63 63 63 63 63 63 63 63 63 63 -1
63 63 63 63 63 63 63 86 63 63 63 63 63 -1 -1 63 -1 63 63 -1 -1 -1 -1 -1 -1 -1 -1 -1 -1 -1 -1 63 63 63 63 63 63 63 63 63 63 63 63 63 63 63 63 63 63 63 63 63 -1
63 63 63 63 63 63 63 63 63 63 63 63 63 -1 -1 63 -1 63 63 -1 -1 -1 -1 -1 -1 -1 -1 -1 -1 -1 -1 63 63 63 63 63 63 63 63 63 63 63 63 63 63 63 63 63 63 63 63 63 -1
63 88 63 63 63 63 63 63 63 63 63 63 63 -1 -1 63 -1 63 63 -1 -1 -1 -1 -1 -1 -1 -1 -1 -1 -1 -1 63 63 63 63 63 63 63 63 63 63 63 63 63 63 63 63 63 63 63 63 63 -1
63 63 63 63 63 63 89 63 63 63 63 63 63 -1 -1 63 -1 63 63 -1 -1 -1 -1 -1 -1 -1 -1 -1 -1 -1 -1 63 63 63 63 63 63 63 63 63 63 63 63 63 63 63 63 63 63 63 63 63 -1
63 63 63 63 90 63 63 63 63 63 63 63 63 -1 -1 63 -1 63 63 -1 -1 -1 -1 -1 -1 -1 -1 -1 -1 -1 -1 63 63 63 63 63 63 63 63 63 63 63 63 63 63 63 63 63 63 63 63 63 -1
63 63 63 63 63 63 63 63 63 63 63 63 63 -1 -1 63 -1 63 63 -1 -1 -1 -1 -1 -1 -1 -1 -1 -1 -1 -1 63 63 63 63 63 63 63 63 63 63 63 63 63 63 63 63 63 63 63 63 63 -1
63 63 93 63 63 63 63 63 63 63 92 63 63 -1 -1 63 -1 63 63 -1 -1 -1 -1 -1 -1 -1 -1 -1 -1 -1 -1 63 63 63 63 63 63 63 63 63 63 63 63 63 63 63 63 63 63 63 63 63 -1
63 63 63 63 63 63 63 63 63 63 63 63 63 -1 -1 63 -1 63 63 -1 -1 -1 -1 -1 -1 -1 -1 -1 -1 -1 -1 63 63 63 63 63 63 63 63 63 63 63 63 63 63 63 63 63 63 63 63 63 -1
63 63 63 63 94 63 63 63 63 63 63 63 63 -1 -1 63 -1 95 63 -1 -1 -1 -1 -1 -1 -1 -1 -1 -1 -1 -1 63 63 63 63 63 63 63 63 63 63 63 63 63 63 63 63 63 63 63 63 63 -1
63 63 63 63 63 63 63 63 63 63 63 63 63 -1 -1 63 -1 63 63 -1 -1 -1 -1 -1 -1 -1 -1 -1 -1 -1 -1 63 63 63 63 63 63 63 63 63 63 63 63 63 63 63 63 63 63 63 63 63 -1
63 63 63 63 63 63 63 63 63 63 63 63 63 -1 -1 63 -1 63 96 -1 -1 -1 -1 -1 -1 -1 -1 -1 -1 -1 -1 63 63 63 63 63 63 63 63 63 63 63 63 63 63 63 63 63 63 63 63 63 -1
63 63 63 63 97 63 63 63 63 63 63 63 63 -1 -1 63 -1 63 63 -1 -1 -1 -1 -1 -1 -1 -1 -1 -1 -1 -1 63 63 63 63 63 63 63 63 63 63 63 63 63 63 63 63 63 63 63 63 63 -1
63 63 63 63 63 63 63 63 63 63 63 63 63 -1 -1 63 -1 63 63 -1 -1 -1 -1 -1 -1 -1 -1 -1 -1 -1 -1 63 63 63 63 63 63 63 63 63 63 63 63 63 63 63 63 63 63 63 63 63 -1
63 63 63 63 63 63 99 63 63 63 63 63 63 -1 -1 63 -1 63 63 -1 -1 -1 -1 -1 -1 -1 -1 -1 -1 -1 -1 63 63 63 63 63 63 63 63 63 63 63 63 63 63 63 63 63 63 63 63 63 -1
63 63 63 63 63 63 63 63 63 100 63 63 63 -1 -1 63 -1 63 63 -1 -1 -1 -1 -1 -1 -1 -1 -1 -1 -1 -1 63 63 63 63 63 63 63 63 63 63 63 63 63 63 63 63 63 63 63 63 63 -1
63 63 101 63 63 63 63 63 63 63 63 63 63 -1 -1 63 -1 63 63 -1 -1 -1 -1 -1 -1 -1 -1 -1 -1 -1 -1 63 63 63 63 63 63 63 63 63 63 63 63 63 63 63 63 63 63 63 63 63 -1
63 63 63 63 63 63 63 63 63 63 63 63 63 -1 -1 63 -1 63 63 -1 -1 -1 -1 -1 -1 -1 -1 -1 -1 -1 -1 63 63 63 63 63 63 63 63 63 63 63 63 63 63 63 63 63 63 63 63 63 -1
63 63 63 63 63 63 63 63 63 63 63 63 63 -1 -1 63 -1 63 103 -1 -1 -1 -1 -1 -1 -1 -1 -1 -1 -1 -1 63 63 63 63 63 63 63 63 63 63 63 63 63 63 63 63 63 63 63 63 63 -1
63 63 63 63 104 63 63 63 63 63 63 63 63 -1 -1 63 -1 63 63 -1 -1 -1 -1 -1 -1 -1 -1 -1 -1 -1 -1 63 63 63 63 63 63 63 63 63 63 63 63 63 63 63 63 63 63 63 63 63 -1
63 63 63 63 63 63 63 63 63 63 63 63 63 -1 -1 63 -1 105 63 -1 -1 -1 -1 -1 -1 -1 -1 -1 -1 -1 -1 63 63 63 63 63 63 63 63 63 63 63 63 63 63 63 63 63 63 63 63 63 -1
63 63 63 63 63 63 63 63 63 63 63 63 63 -1 -1 63 -1 63 106 -1 -1 -1 -1 -1 -1 -1 -1 -1 -1 -1 -1 63 63 63 63 63 63 63 63 63 63 63 63 63 63 63 63 63 63 63 63 63 -1
63 63 63 63 107 63 63 63 63 63 63 63 63 -1 -1 63 -1 63 63 -1 -1 -1 -1 -1 -1 -1 -1 -1 -1 -1 -1 63 63 63 63 63 63 63 63 63 63 63 63 63 63 63 63 63 63 63 63 63 -1
63 63 63 63 63 63 63 63 63 63 63 63 63 -1 -1 63 -1 63 63 -1 -1 -1 -1 -1 -1 -1 -1 -1 -1 -1 -1 63 63 63 63 63 63 63 63 63 63 63 63 63 63 63 63 63 63 63 63 63 -1
63 63 63 63 109 63 63 63 63 63 63 63 63 -1 -1 63 -1 63 63 -1 -1 -1 -1 -1 -1 -1 -1 -1 -1 -1 -1 63 63 63 63 63 63 63 63 63 63 63 63 63 63 63 63 63 63 63 63 63 -1
63 63 63 63 63 63 63 110 63 63 63 63 63 -1 -1 63 -1 63 63 -1 -1 -1 -1 -1 -1 -1 -1 -1 -1 -1 -1 63 63 63 63 63 63 63 63 63 63 63 63 63 63 63 63 63 63 63 63 63 -1
63 63 63 63 63 63 63 63 63 111 63 63 63 -1 -1 63 -1 63 63 -1 -1 -1 -1 -1 -1 -1 -1 -1 -1 -1 -1 63 63 63 63 63 63 63 63 63 63 63 63 63 63 63 63 63 63 63 63 63 -1
63 63 112 63 63 63 63 63 63 63 63 63 63 -1 -1 63 -1 63 63 -1 -1 -1 -1 -1 -1 -1 -1 -1 -1 -1 -1 63 63 63 63 63 63 63 63 63 63 63 63 63 63 63 63 63 63 63 63 63 -1
63 63 63 63 63 63 63 63 63 63 63 63 113 -1 -1 63 -1 63 63 -1 -1 -1 -1 -1 -1 -1 -1 -1 -1 -1 -1 63 63 63 63 63 63 63 63 63 63 63 63 63 63 63 63 63 63 63 63 63 -1
63 63 63 63 63 63 63 63 63 63 63 63 63 -1 -1 63 -1 63 63 -1 -1 -1 -1 -1 -1 -1 -1 -1 -1 -1 -1 63 63 63 63 63 63 63 63 63 63 63 63 63 63 63 63 63 63 63 63 63 -1
63 63 63 63 63 63 115 63 63 63 63 63 63 -1 -1 63 -1 63 63 -1 -1 -1 -1 -1 -1 -1 -1 -1 -1 -1 -1 63 63 63 63 63 63 63 63 63 63 63 63 63 63 63 63 63 63 63 63 63 -1
63 63 63 63 63 63 63 116 63 63 63 63 63 -1 -1 63 -1 63 63 -1 -1 -1 -1 -1 -1 -1 -1 -1 -1 -1 -1 63 63 63 63 63 63 63 63 63 63 63 63 63 63 63 63 63 63 63 63 63 -1
63 63 63 63 63 63 63 63 63 63 63 63 63 -1 -1 63 -1 63 63 -1 -1 -1 -1 -1 -1 -1 -1 -1 -1 -1 -1 63 63 63 63 63 63 63 63 63 63 63 63 63 63 63 63 63 63 63 63 63 -1
32 33 38 50 51 52 53 54 55 56 57 58 59 60 61 63 75 76 77 78 79 80 81 82 83 84 85 86 87 88 89 90 91 92 93 94 95 96 97 98 99 100 101 102 103 104 105 106 107 108 109 110 111 112 113 114 115 116
